-181.3353216786993,80.5398628688569,35.0
-181.33865438593975,79.53878061861127,35.0
-181.34188471713318,78.53502433938831,35.0
-181.3450131340369,77.5286272058912,35.0
-181.348040098408,76.51962239282312,35.0
-181.35096607200398,75.50804307488737,35.0
-181.35379151658185,74.49392242678675,35.0
-181.35651689389908,73.47729362322451,35.0
-181.35914266571288,72.4581898389038,35.0
-181.36166929378052,71.43664424852767,35.0
-181.3640972398592,70.41269002679917,35.0
-181.36642696570624,69.38636034842176,35.0
-181.36865893307888,68.35768838809828,35.0
-181.37079360373443,67.3267073205318,35.0
-181.37283143943012,66.2934503204255,35.0
-181.3747729019233,65.25795056248239,35.0
-181.37661845297112,64.22024122140607,35.0
-181.37836855433082,63.18035547189908,35.0
-181.38002366775981,62.13832648866486,35.0
-181.3815842550153,61.09418744640635,35.0
-181.38305077785446,60.047971519826774,35.0
-181.38442369803482,58.99971188362918,35.0
-181.38570347731326,57.94944171251689,35.0
-181.38689057744733,56.89719418119286,35.0
-181.38798546019416,55.84300246436016,35.0
-181.38898858731116,54.78689973672186,35.0
-181.38990042055545,53.728919172981186,35.0
-181.39072142168442,52.669093947841425,35.0
-181.39145205245518,51.60745723600542,35.0
-181.3920927746251,50.54404221217646,35.0
-181.39264404995143,49.478882051057504,35.0
-181.39310634019145,48.41200992735185,35.0
-181.39348010710242,47.34345901576235,35.0
-181.39376581244164,46.27326249099247,35.0
-181.39396391796632,45.20145352774517,35.0
-181.3940748854337,44.128065300723506,35.0
-181.39409917660115,43.053130984630634,35.0
-181.39403725322583,41.97668375416953,35.0
-181.393889577065,40.89875678404371,35.0
-181.393656609876,39.819383248956,35.0
-181.3933388134161,38.73859632360956,35.0
-181.39293664944256,37.65642918270731,35.0
-181.3924505797126,36.57291500095283,35.0
-181.39188106598357,35.48808695304882,35.0
-181.39122857001254,34.401978213698676,35.0
-181.390493553557,33.31462195760531,35.0
-181.38967647837413,32.226051359472024,35.0
-181.38877780622119,31.136299594001738,35.0
-181.38779799885552,30.045399835897626,35.0
-181.38673751803418,28.9533852598629,35.0
-181.38559682551465,27.86028904060072,35.0
-181.38437638305413,26.766144352814134,35.0
-181.38307665240987,25.67098437120609,35.0
-181.38169809533912,24.57484227047996,35.0
-181.38024117359922,23.47775122533864,35.0
-181.3787063489473,22.3797444104855,35.0
-181.37709408314083,21.28085500062349,35.0
-181.37540483793683,20.181116170455766,35.0
-181.37380274873118,19.180644412913693,35.0
-181.37213776873156,18.179522996874372,35.0
-181.3704102448629,17.177776846983303,35.0
-181.3686205240504,16.17543088788608,35.0
-181.366768953219,15.172510044228089,35.0
-181.36485587929386,14.169039240654685,35.0
-181.36288164919998,13.165043401811545,35.0
-181.3608466098624,12.16054745234402,35.0
-181.35875110820632,11.155576316897566,35.0
-181.35659549115672,10.150154920117698,35.0
-181.35438010563868,9.144308186649766,35.0
-181.3521052985773,8.138061041139506,35.0
-181.3497714168976,7.131438408232158,35.0
-181.34737880752465,6.124465212573228,35.0
-181.34492781738356,5.117166378808179,35.0
-181.3424187933994,4.1095668315825264,35.0
-181.33985208249715,3.1016914955417576,35.0
-181.337228031602,2.0935652953313024,35.0
-181.3345469876389,1.085213155596648,35.0
-181.331809297533,0.07666000098319614,35.0
-181.3290153082094,-0.9320692438635659,35.0
-181.32616536659302,-1.9409496542980664,35.0
-181.32325981960904,-2.94995630567496,35.0
-181.32029901418258,-3.9590642733487584,35.0
-181.31728329723862,-4.96824863267392,35.0
-181.31421301570225,-5.9774844590050975,35.0
-181.31108851649856,-6.986746827696635,35.0
-181.30791014655253,-7.996010814103215,35.0
-181.3046782527894,-9.005251493579294,35.0
-181.301393182134,-10.014443941479527,35.0
-181.2980552815116,-11.023563233158344,35.0
-181.29466489784718,-12.032584443970222,35.0
-181.2912223780659,-13.041482649269824,35.0
-181.28772806909274,-14.050232924411633,35.0
-181.28418231785275,-15.058810344750128,35.0
-181.28058547127102,-16.067189985639914,35.0
-181.27693787627263,-17.07534692243553,35.0
-181.27323987978272,-18.083256230491397,35.0
-181.26949182872625,-19.09089298516216,35.0
-181.2656940700283,-20.098232261802334,35.0
-181.261846950614,-21.105249135766343,35.0
-181.2579508174084,-22.111918682408884,35.0
-181.2540060173365,-23.11821597708439,35.0
-181.25001289732344,-24.1241160951474,35.0
-181.24597180429433,-25.129594111952454,35.0
-181.24188308517415,-26.134625102854105,35.0
-181.23774708688802,-27.139184143206908,35.0
-181.2335641563609,-28.14324630836529,35.0
-181.229334640518,-29.146786673683835,35.0
-181.22505888628436,-30.149780314517194,35.0
-181.22073724058498,-31.152202306219664,35.0
-181.21637005034492,-32.15402772414595,35.0
-181.2119576624894,-33.15523164365055,35.0
-181.20750042394332,-34.15578914008798,35.0
-181.20254607305023,-35.255626019962186,35.0
-181.19753833435826,-36.354617394401004,35.0
-181.19247766962462,-37.45273008870132,35.0
-181.18736454060658,-38.54993092816,35.0
-181.18219940906155,-39.64618673807382,35.0
-181.1769827367466,-40.74146434373989,35.0
-181.17171498541907,-41.835730570454935,35.0
-181.1663966168363,-42.92895224351588,35.0
-181.16102809275543,-44.021096188219566,35.0
-181.15560987493384,-45.11212922986289,35.0
-181.15014242512882,-46.202018193742816,35.0
-181.14462620509744,-47.29072990515601,35.0
-181.13906167659715,-48.37823118939961,35.0
-181.13344930138507,-49.46448887177041,35.0
-181.12778954121865,-50.549469777565214,35.0
-181.12208285785502,-51.633140732080925,35.0
-181.11632971305156,-52.7154685606146,35.0
-181.11053056856534,-53.79642008846287,35.0
-181.10468588615385,-54.87596214092279,35.0
-181.0987961275742,-55.95406154329112,35.0
-181.0928617545837,-57.0306851208648,35.0
-181.08688322893963,-58.10579969894079,35.0
-181.08086101239925,-59.17937210281579,35.0
-181.07479556671984,-60.25136915778688,35.0
-181.06868735365867,-61.32175768915082,35.0
-181.06253683497295,-62.39050452220447,35.0
-181.05634447242005,-63.45757648224486,35.0
-181.05011072775716,-64.52294039456874,35.0
-181.04383606274152,-65.58656308447303,35.0
-181.0375209391304,-66.6484113772546,35.0
-181.0311658186812,-67.70845209821036,35.0
-181.02477116315103,-68.7666520726371,35.0
-181.01833743429717,-69.82297812583187,35.0
-181.01186509387702,-70.8773970830914,35.0
-181.0053546036477,-71.92987576971265,35.0
-180.99880642536652,-72.98038101099249,35.0
-180.99222102079082,-74.02887963222774,35.0
-180.98559885167774,-75.07533845871541,35.0
-180.97894037978463,-76.11972431575228,35.0
-180.97224606686882,-77.16200402863524,35.0
-180.9655163746873,-78.2021444226612,35.0
-180.9587517649977,-79.24011232312708,35.0
-180.95195269955704,-80.27587455532961,35.0
-180.94511964012267,-81.30939794456589,35.0
-180.93825304845188,-82.34064931613257,35.0
-180.93135338630185,-83.36959549532676,35.0
-180.92442111542996,-84.3962033074452,35.0
-180.9174566975934,-85.42043957778478,35.0
-180.91046059454942,-86.44227113164246,35.0
-180.9034332680553,-87.46166479431503,35.0
-180.8963751798684,-88.47858739109941,35.0
-180.8892867917458,-89.49300574729244,35.0
-180.8821685654449,-90.50488668819115,35.0
-180.87502096272306,-91.51419703909224,35.0
-180.86784444533728,-92.52090362529272,35.0
-180.86063947504508,-93.52497327208941,35.0
-180.8534065136036,-94.52637280477909,35.0
-180.84548462901358,-95.6157244223716,35.0
-180.83753058165848,-96.70181583308056,35.0
-180.82954497102483,-97.78460396711849,35.0
-180.82152839659904,-98.86404575469808,35.0
-180.81348145786774,-99.94009812603201,35.0
-180.80540475431732,-101.01271801133291,35.0
-180.7972988854345,-102.08186234081334,35.0
-180.78916445070564,-103.14748804468596,35.0
-180.78100204961729,-104.20955205316345,35.0
-180.77281228165597,-105.26801129645838,35.0
-180.76459574630817,-106.32282270478342,35.0
-180.7563530430605,-107.37394320835114,35.0
-180.74808477139942,-108.42132973737426,35.0
-180.73979153081143,-109.46493922206535,35.0
-180.73147392078303,-110.5047285926371,35.0
-180.72313254080083,-111.54065477930205,35.0
-180.7147679903513,-112.57267471227287,35.0
-180.7063808689209,-113.60074532176223,35.0
-180.69797177599625,-114.62482353798276,35.0
-180.68954131106372,-115.644866291147,35.0
-180.68109007361005,-116.66083051146768,35.0
-180.6726186631216,-117.6726731291574,35.0
-180.66412767908488,-118.68035107442881,35.0
-180.65561772098653,-119.68382127749449,35.0
-180.6463778833073,-120.76611572414127,35.0
-180.6371172432169,-121.84336661115566,35.0
-180.6278365629097,-122.91551917909159,35.0
-180.61853660457996,-123.9825186685028,35.0
-180.6092181304221,-125.04431031994343,35.0
-180.5998819026305,-126.10083937396726,35.0
-180.59052868339958,-127.15205107112824,35.0
-180.58115923492372,-128.19789065198023,35.0
-180.5717743193972,-129.23830335707717,35.0
-180.5623746990145,-130.27323442697292,35.0
-180.55296113596992,-131.30262910222152,35.0
-180.54353439245787,-132.32643262337663,35.0
-180.53409523067276,-133.34459023099242,35.0
-180.52464441280887,-134.3570471656227,35.0
-180.51518270106064,-135.36374866782128,35.0
-180.50571085762246,-136.36463997814218,35.0
-180.49549995438753,-137.43596232906228,35.0
-180.48527913671768,-138.50041433137383,35.0
-180.4750493565754,-139.5579275918496,35.0
-180.46481156592296,-140.60843371726236,35.0
-180.45456671672284,-141.65186431438502,35.0
-180.44431576093743,-142.68815098999042,35.0
-180.43405965052904,-143.71722535085138,35.0
-180.4237993374601,-144.73901900374068,35.0
-180.413535773693,-145.7534635554313,35.0
-180.4032699111902,-146.76049061269592,35.0
-180.39226930344017,-147.8311393233174,35.0
-180.3812683205214,-148.8931104197811,35.0
-180.370268133306,-149.94631978140856,35.0
-180.359269912666,-150.99068328752134,35.0
-180.34827482947352,-152.02611681744096,35.0
-180.33728405460076,-153.05253625048897,35.0
-180.3262987589197,-154.06985746598698,35.0
-180.31532011330262,-155.07799634325644,35.0
-180.3036182070662,-156.14312872164464,35.0
-180.29192662032204,-157.19761583766194,35.0
-180.2802467740752,-158.24135559996049,35.0
-180.26858008933084,-159.27424591719256,35.0
-180.25692798709386,-160.29618469801022,35.0
-180.24529188836945,-161.30706985106562,35.0
-180.23294765801063,-162.36890963944222,35.0
-180.2206248027416,-163.418033212009,35.0
-180.2083250270052,-164.45431811398277,35.0
-180.19605003524418,-165.47764189058046,35.0
-180.18380153190154,-166.48788208701876,35.0
-180.17086329403253,-167.5431514391463,35.0
-180.157958686652,-168.58347004900662,35.0
-180.14508973302705,-169.6086925560674,35.0
-180.13225845642455,-170.61867359979618,35.0
-180.11875744168285,-171.66806897688733,35.0
-180.10530304046475,-172.70014943467768,35.0
-180.09189763232934,-173.7147440150241,35.0
-180.0778422210273,-174.76365981817912,35.0
-180.06384650772054,-175.7928118634089,35.0
-180.04991326780956,-176.80200075354958,35.0
-180.03535363970374,-177.8399455646487,35.0
-180.02086916126905,-178.85543033474738,35.0
-180.0057790491795,-179.8949302216383,35.0
-179.99077863448446,-180.90926135448535,35.0
-179.97519629813274,-181.94249957509143,35.0
-179.95972025736057,-182.94763564036091,35.0
-179.94368923915263,-183.96618379917,35.0
-179.92712339359298,-184.99391091780282,35.0
-179.91004477281018,-186.02633115024517,35.0
-179.89247746107486,-187.05869659144267,35.0
-179.8744477101,-188.0859875566889,35.0
-179.85598407954583,-189.1029024871439,35.0
-179.83711758272818,-190.10384748148326,35.0
-179.81726583794742,-191.1135657243205,35.0
-179.79649404671562,-192.1199449499992,35.0
-179.7742805173081,-193.13621101522247,35.0
-179.75074416124474,-194.140938025048,35.0
-179.72087163870341,-195.149127660928,35.0
-179.66246045591404,-196.1497259743839,35.0
-179.5737225495689,-197.1497191128743,35.0
-179.45660412997964,-198.14820909942824,35.0
-179.3129777685167,-199.1443377310509,35.0
-179.14464427035,-200.1372854930987,35.0
-178.95333452317925,-201.12627048757275,35.0
-178.7407113219551,-202.11054737533092,35.0
-178.5083711695913,-203.08940633221812,35.0
-178.25784605366613,-204.06217201911426,35.0
-177.9906051991158,-205.02820256590118,35.0
-177.7038858896091,-206.00062756687507,35.0
-177.40269421454758,-206.96529284502185,35.0
-177.0883551701904,-207.92163431055542,35.0
-176.76213644511063,-208.869118180462,35.0
-176.42010812403808,-209.82127477522042,35.0
-176.0681368963897,-210.76371526893917,35.0
-175.70178764920692,-211.71012975313968,35.0
-175.3273169212905,-212.64603261225037,35.0
-174.94578753713512,-213.5710000794331,35.0
-174.5520647201019,-214.4989316033885,35.0
-174.14658804392135,-215.42957236388196,35.0
-173.73629274248975,-216.34829491737332,35.0
-173.31544820579805,-217.2691537082829,35.0
-172.89128376840983,-218.17747417996202,35.0
-172.45770400354192,-219.08739694102215,35.0
-172.01510914457657,-219.99868997677,35.0
-171.57112670309687,-220.8966305441732,35.0
-171.11918219357563,-221.795452382303,35.0
-170.6596570915817,-222.6949343503424,35.0
-170.19293287268368,-223.59485530747432,35.0
-169.7270808769871,-224.48047517686692,35.0
-169.25499270347981,-225.36609531173,35.0
-168.77703166535224,-226.25150509994992,35.0
-168.29356107579497,-227.136493929413,35.0
-167.80494424799855,-228.02085118800582,35.0
-167.31154449515336,-228.9043662636146,35.0
-166.81372513045005,-229.78682854412602,35.0
-166.31184946707899,-230.6680274174264,35.0
-165.80628081823068,-231.5477522714021,35.0
-165.29738249709567,-232.42579249393958,35.0
-164.78551781686448,-233.30193747292526,35.0
-164.27105009072758,-234.17597659624568,35.0
-163.75434263187555,-235.04769925178712,35.0
-163.23575875349874,-235.9168948274361,35.0
-162.71566176878775,-236.78335271107898,35.0
-162.1944149909331,-237.64686229060226,35.0
-161.67238173312523,-238.50721295389226,35.0
-161.14992530855466,-239.3641940888355,35.0
-160.6274090304119,-240.21759508331837,35.0
-160.09663990856458,-241.0811006015237,35.0
-159.56656575295324,-241.94046892062266,35.0
-159.0375680391466,-242.79547889979833,35.0
-158.5100282427134,-243.6459093982334,35.0
-157.97586597435568,-244.5051379097048,35.0
-157.44400314608885,-245.3591776773042,35.0
-156.91483999129503,-246.207796686338,35.0
-156.38045369434568,-247.064096506184,35.0
-155.8496860912578,-247.91431943611005,35.0
-155.3147609117316,-248.77135677383853,35.0
-154.7844407785087,-249.62162011506325,35.0
-154.25112581185567,-250.47777124167274,35.0
-153.71552321483725,-251.33920783817413,35.0
-153.1862360888719,-252.19262243958957,35.0
-152.65600141220534,-253.05028531492985,35.0
-152.12564262056645,-253.91152093998437,35.0
-151.59603308598318,-254.77562192813625,35.0
-151.07546625826075,-255.6297206727733,35.0
-150.5572636717594,-256.48547656518,35.0
-150.03535534753783,-257.3539184175739,35.0
-149.518200950704,-258.22207255388673,35.0
-149.00694815411146,-259.08905800368274,35.0
-148.50280485738026,-259.9539559687514,35.0
-148.00070509806304,-260.826904307193,35.0
-147.50263094735766,-261.7062993676361,35.0
-147.01049621249774,-262.5928744093031,35.0
-146.53286581820947,-263.4826015656378,35.0
-146.07107339569745,-264.37304126503346,35.0
-145.61731174785928,-265.2782721025817,35.0
-145.17902973444606,-266.1824720746206,35.0
-144.74868275543594,-267.10024826103654,35.0
-144.3334457859806,-268.0153530601304,35.0
-143.92603840658614,-268.9428879614515,35.0
-143.53336099459946,-269.8662101178765,35.0
-143.14839859950519,-270.8008826153574,35.0
-142.77777656788774,-271.72989651518225,35.0
-142.41474641657945,-272.6692449272842,35.0
-142.05938009873225,-273.61862006739426,35.0
-141.71788900252818,-274.5605040277366,35.0
-141.38392804855468,-275.5114713373279,35.0
-141.05756540375353,-276.4712304076584,35.0
-140.74459488087575,-277.42181078671,35.0
-140.43907910347392,-278.38030907968516,35.0
-140.14108258748695,-279.3464493154759,35.0
-139.85066984885378,-280.3199555229741,35.0
-139.57307188878377,-281.2823297660829,35.0
-139.30290257244084,-282.2512729270413,35.0
-139.04022289750998,-283.22652408430105,35.0
-138.78509386167588,-284.20782231631404,35.0
-138.53757646262352,-285.19490670153215,35.0
-138.3021856804898,-286.16873828859445,35.0
-138.07423834061458,-287.1476421456662,35.0
-137.85379205271929,-288.1313718434328,35.0
-137.64090442652494,-289.11968095257987,35.0
-137.43563307175293,-290.1123230437931,35.0
-137.23803559812444,-291.10905168775787,35.0
-137.04816961536068,-292.10962045516015,35.0
-136.86952039807193,-293.0944397442802,35.0
-136.69841793075182,-294.082483353656,35.0
-136.53491656299022,-295.0735187993963,35.0
-136.37907064437692,-296.06731359760977,35.0
-136.23093452450186,-297.06363526440515,35.0
-136.09056255295485,-298.0622513158911,35.0
-135.9580090793258,-299.0629292681762,35.0
-135.83332845320453,-300.0654366373695,35.0
-135.7165750241809,-301.06954093957944,35.0
-135.60780314184478,-302.0750096909148,35.0
-135.5070671557861,-303.08161040748433,35.0
-135.41442141559472,-304.0891106053968,35.0
-135.32992027086036,-305.0972778007609,35.0
-135.25361807117307,-306.10587950968517,35.0
-135.18556916612258,-307.1146832482785,35.0
-135.1258279052988,-308.12345653264947,35.0
-135.07444863829159,-309.131966878907,35.0
-135.03148571469086,-310.1399818031596,35.0
-134.99699348408637,-311.1472688215161,35.0
-134.9710262960681,-312.15359545008516,35.0
-134.95363850022582,-313.15872920497554,35.0
-134.94488444614944,-314.1624376022959,35.0
-134.94481848342883,-315.164488158155,35.0
-134.95349496165386,-316.1646483886615,35.0
-134.97139914335406,-317.18223238670856,35.0
-134.99850607956898,-318.1973630826248,35.0
-135.03487338001995,-319.2097940470959,35.0
-135.08055865442813,-320.2192788508073,35.0
-135.13561951251475,-321.2255710644448,35.0
-135.20011356400107,-322.2284242586938,35.0
-135.27409841860836,-323.22759200424,35.0
-135.3593320523321,-324.24192686396486,35.0
-135.45454587444834,-325.25191624395,35.0
-135.559800882642,-326.257299222647,35.0
-135.67515807459785,-327.25781487850793,35.0
-135.80067844800072,-328.25320228998436,35.0
-135.9390828874836,-329.2618262595009,35.0
-136.0881654799109,-330.2645798086892,35.0
-136.24799074122168,-331.2611869664413,35.0
-136.41862318735485,-332.2513717616492,35.0
-136.6001273342493,-333.2348582232047,35.0
-136.7962349541326,-334.229386414557,35.0
-137.0037557531383,-335.21638801331846,35.0
-137.22275789820844,-336.1955714309793,35.0
-137.4576087336652,-337.18422408221215,35.0
-137.7045048355923,-338.16416159793687,35.0
-137.96351815714183,-339.1350761938848,35.0
-138.23967476830964,-340.1137445477661,35.0
-138.5285356437322,-341.0824214139185,35.0
-138.83017666043713,-342.040782223441,35.0
-139.15030639331323,-343.00503215267867,35.0
-139.48382713080363,-343.9579228731359,35.0
-139.83081881393537,-344.8991124318911,35.0
-140.19769693841207,-345.8441710159838,35.0
-140.57868139732616,-346.77640767879365,35.0
-140.97385633828628,-347.6954624734741,35.0
-141.3903692414979,-348.61620433896155,35.0
-141.82173326007216,-349.522562893499,35.0
-142.27560236288255,-350.4288922987533,35.0
-142.74500621568285,-351.31956586247145,35.0
-143.23436097688918,-352.20460594491163,35.0
-143.72609862196782,-353.0824081640268,35.0
-144.21821920824684,-353.95796515553633,35.0
-144.7106736270706,-354.83134805124587,35.0
-145.20341276978354,-355.70262798296034,35.0
-145.70503801596706,-356.58710834035486,35.0
-146.2068554781726,-357.4695598894799,35.0
-146.70881341746832,-358.3500575719844,35.0
-147.21086009492208,-359.2286763295175,35.0
-147.7129437716021,-360.10549110372824,35.0
-148.2150127085765,-360.98057683626564,35.0
-148.71701516691326,-361.85400846877866,35.0
-149.2188994076804,-362.72586094291665,35.0
-149.72061369194608,-363.5962092003282,35.0
-150.22210628077838,-364.4651281826627,35.0
-150.72332543524527,-365.332692831569,35.0
-151.22421941641488,-366.1989780886962,35.0
-151.7333624796429,-367.07896396171145,35.0
-152.24206106013608,-367.9577823789505,35.0
-152.75026069640515,-368.8355122255713,35.0
-153.2579069269608,-369.7122323867317,35.0
-153.76494529031373,-370.58802174758966,35.0
-154.27132132497456,-371.4629591933032,35.0
-154.77698056945405,-372.33712360903013,35.0
-155.2818685622629,-373.2105938799286,35.0
-155.7859308419118,-374.0834488911565,35.0
-156.28911294691142,-374.9557675278717,35.0
-156.7913604157725,-375.8276286752322,35.0
-157.2926187870057,-376.699111218396,35.0
-157.79283359912162,-377.5702940425209,35.0
-158.29195039063111,-378.4412560327651,35.0
-158.7899147000449,-379.3120760742863,35.0
-159.28667206587352,-380.18283305224264,35.0
-159.7821680266277,-381.05360585179216,35.0
-160.27634812081826,-381.92447335809237,35.0
-160.76915788695572,-382.79551445630165,35.0
-161.26054286355082,-383.6668080315778,35.0
-161.75873901192875,-384.5532095859282,35.0
-162.25534806230343,-385.4400367949495,35.0
-162.75031273675603,-386.3273726232785,35.0
-163.24357575736775,-387.21530003555193,35.0
-163.73507984621978,-388.1039019964063,35.0
-164.22476772539326,-388.9932614704784,35.0
-164.71258211696937,-389.8834614224049,35.0
-165.19846574302932,-390.77458481682265,35.0
-165.68236132565426,-391.666714618368,35.0
-166.1642115869254,-392.5599337916778,35.0
-166.64395924892386,-393.45432530138885,35.0
-167.1215470337309,-394.34997211213766,35.0
-167.59691766342763,-395.2469571885611,35.0
-168.07001386009526,-396.1453634952956,35.0
-168.5407783458149,-397.0452739969781,35.0
-169.00915384266784,-397.9467716582449,35.0
-169.47508307273515,-398.8499394437333,35.0
-169.9385087580981,-399.7548603180795,35.0
-170.3917138346104,-400.6464891355622,35.0
-170.84238827642474,-401.53997219992914,35.0
-171.2904776220517,-402.43538839633834,35.0
-171.73592741000198,-403.33281660994766,35.0
-172.17868317878632,-404.2323357259152,35.0
-172.61869046691535,-405.13402462939865,35.0
-173.05589481289985,-406.0379622055564,35.0
-173.4902417552505,-406.944227339546,35.0
-173.92167683247794,-407.8528989165255,35.0
-174.35014558309288,-408.76405582165313,35.0
-174.77559354560609,-409.67777694008635,35.0
-175.1979662585281,-410.5941411569835,35.0
-175.6172092603698,-411.5132273575024,35.0
-176.03326808964175,-412.435114426801,35.0
-176.4460882848547,-413.3598812500373,35.0
-176.8556153845193,-414.28760671236915,35.0
-177.2617949271463,-415.2183696989545,35.0
-177.66457245124639,-416.1522490949516,35.0
-178.05715443767969,-417.07341410942666,35.0
-178.44634438102293,-417.9977419629743,35.0
-178.8320905423441,-418.92530759724383,35.0
-179.2143411827113,-419.856185953884,35.0
-179.59304456319256,-420.790451974544,35.0
-179.96814894485598,-421.7281806008728,35.0
-180.33960258876968,-422.6694467745195,35.0
-180.7073537560017,-423.6143254371332,35.0
-181.07135070762004,-424.5628915303628,35.0
-181.42536404905655,-425.4987682448989,35.0
-181.77565243572602,-426.4383498449528,35.0
-182.1221667589729,-427.38170746233016,35.0
-182.46511131142842,-428.33123182317553,35.0
-182.7995236790908,-429.2945411020156,35.0
-183.12183107074355,-430.26321336169786,35.0
-183.4314248767548,-431.22932383125953,35.0
-183.72775443987263,-432.185519168745,35.0
-184.0184276417305,-433.1523260083965,35.0
-184.303170080509,-434.12621804449685,35.0
-184.581726232479,-435.1038405403247,35.0
-184.8538585008061,-436.08200410708025,35.0
-185.11934629153117,-437.0576786605535,35.0
-185.37798511672923,-438.0279875555397,35.0
-185.63799393746402,-439.02266501617515,35.0
-185.8908689559584,-440.0081257256999,35.0
-186.1364403694641,-440.9818160917154,35.0
-186.38307357199932,-441.9759352210246,35.0
-186.62216823474273,-442.9548875560051,35.0
-186.86217175642682,-443.95235452714684,35.0
-187.09442725452843,-444.93148884455053,35.0
-187.327455208148,-445.9273638272905,35.0
-187.5525492791109,-446.90195894382913,35.0
-187.77829473304575,-447.89165309040567,35.0
-188.00465972572738,-448.8962379972634,35.0
-188.22287298129814,-449.87603382473566,35.0
-188.44160128408973,-450.86921928898863,35.0
-188.6608163247021,-451.87560923896683,35.0
-188.8716944082609,-452.85399450353776,35.0
-189.08296993310643,-453.8442145771357,35.0
-189.29461785289288,-454.8461056499565,35.0
-189.50661312127482,-455.8595039121954,35.0
-189.71007801803609,-456.841323646828,35.0
-189.91381687388863,-457.83341699790213,35.0
-190.11780764464228,-458.83563979051246,35.0
-190.32202828610667,-459.84784784975403,35.0
-190.5264567540915,-460.8698970007215,35.0
-190.7221711684523,-461.85658486180665,35.0
-190.91803626928973,-462.8520185849495,35.0
-191.11403276454018,-463.85607199488993,35.0
-191.3101413621401,-464.86861891636767,35.0
-191.50634277002567,-465.88953317412256,35.0
-191.70261769613342,-466.91868859289457,35.0
-191.8900218923061,-467.9086360778022,35.0
-192.07745871792926,-468.90586784921686,35.0
-192.26491139390805,-469.9102741673674,35.0
-192.4523631411477,-470.9217452924825,35.0
-192.63979718055356,-471.94017148479065,35.0
-192.82719673303063,-472.96544300452103,35.0
-193.01454501948425,-473.9974501119018,35.0
-193.19290894467545,-474.9864757284777,35.0
-193.3711966565256,-475.9814163870593,35.0
-193.5493936606217,-476.9821772903063,35.0
-193.72748546255082,-477.9886636408781,35.0
-193.90545756790007,-479.0007806414344,35.0
-194.08329548225643,-480.01843349463445,35.0
-194.26098471120704,-481.041527403138,35.0
-194.43851076033886,-482.06996756960433,35.0
-194.615859135239,-483.10365919669294,35.0
-194.78416231894454,-484.09044406522605,35.0
-194.95227964330098,-485.08180154550126,35.0
-195.12019868116107,-486.07765036064865,35.0
-195.28790700537743,-487.0779092337986,35.0
-195.4553921888029,-488.0824968880812,35.0
-195.62264180429005,-489.0913320466267,35.0
-195.78964342469158,-490.10433343256517,35.0
-195.9563846228603,-491.1214197690269,35.0
-196.12285297164883,-492.1425097791421,35.0
-196.28903604390985,-493.16752218604097,35.0
-196.4549214124961,-494.19637571285364,35.0
-196.62049665026032,-495.22898908271037,35.0
-196.78574933005515,-496.2652810187412,35.0
-196.95066702473326,-497.3051702440765,35.0
-197.10658457569372,-498.293573075194,35.0
-197.26217975531432,-499.2850624445594,35.0
-197.41744199716805,-500.27956924491167,35.0
-197.57236073482784,-501.27702436898926,35.0
-197.72692540186668,-502.27735870953126,35.0
-197.88112543185755,-503.2805031592762,35.0
-198.0349502583733,-504.2863886109631,35.0
-198.18838931498703,-505.29494595733064,35.0
-198.34143203527168,-506.3061060911174,35.0
-198.49406785280013,-507.3197999050625,35.0
-198.64628620114541,-508.33595829190455,35.0
-198.79807651388046,-509.35451214438217,35.0
-198.9494282245783,-510.3753923552345,35.0
-199.10033076681177,-511.39852981720003,35.0
-199.2507735741539,-512.4238554230177,35.0
-199.40074608017773,-513.451300065426,35.0
-199.5502377184561,-514.4807946371642,35.0
-199.6992379225621,-515.5122700309705,35.0
-199.84773612606853,-516.5456571395841,35.0
-199.9957217625485,-517.5808868557439,35.0
-200.1431842655749,-518.6178900721882,35.0
-200.29011306872061,-519.6565976816561,35.0
-200.43649760555886,-520.6969405768862,35.0
-200.58232730966228,-521.7388496506176,35.0
-200.7275916146041,-522.7822557955885,35.0
-200.87227995395713,-523.8270899045383,35.0
-201.0163817612944,-524.8732828702056,35.0
-201.15988647018884,-525.9207655853288,35.0
-201.30278351421344,-526.9694689426472,35.0
-201.43717434715757,-527.9609695281781,35.0
-201.57100483166843,-528.9534390370202,35.0
-201.70426606636482,-529.9468192517568,35.0
-201.83694914986518,-530.9410519549712,35.0
-201.9690451807884,-531.9360789292466,35.0
-202.1005452577529,-532.9318419571662,35.0
-202.2314404793776,-533.9282828213134,35.0
-202.36172194428084,-534.9253433042713,35.0
-202.49138075108155,-535.9229651886235,35.0
-202.62040799839812,-536.921090256953,35.0
-202.74879478484942,-537.9196602918432,35.0
-202.876532209054,-538.9186170758771,35.0
-203.00361136963053,-539.9179023916382,35.0
-203.13002336519764,-540.9174580217099,35.0
-203.25575929437406,-541.917225748675,35.0
-203.38081025577827,-542.9171473551173,35.0
-203.5051673480291,-543.9171646236199,35.0
-203.6288216697451,-544.9172193367658,35.0
-203.75176431954486,-545.9172532771386,35.0
-203.87398639604726,-546.9172082273213,35.0
-203.99547899787066,-547.9170259698974,35.0
-204.116233223634,-548.91664828745,35.0
-204.23624017195567,-549.9160169625626,35.0
-204.35549094145452,-550.9150737778182,35.0
-204.473976630749,-551.9137605158003,35.0
-204.591688338458,-552.9120189590918,35.0
-204.7086171632,-553.9097908902764,35.0
-204.82475420359364,-554.9070180919372,35.0
-204.94009055825768,-555.9036423466574,35.0
-205.0546173258107,-556.8996054370202,35.0
-205.16832560487134,-557.8948491456092,35.0
-205.2812064940583,-558.8893152550074,35.0
-205.39981571678058,-559.9413671154447,35.0
-205.5174768008729,-560.9924128285483,35.0
-205.63417917990841,-562.0423832870576,35.0
-205.74991228745967,-563.0912093837112,35.0
-205.86466555710004,-564.1388220112481,35.0
-205.97842842240232,-565.1851520624065,35.0
-206.0911903169394,-566.2301304299256,35.0
-206.20294067428435,-567.2736880065443,35.0
-206.3136689280101,-568.315755685001,35.0
-206.4233645116896,-569.3562643580348,35.0
-206.53201685889587,-570.3951449183841,35.0
-206.63961540320182,-571.4323282587882,35.0
-206.7461495781804,-572.4677452719852,35.0
-206.85160881740464,-573.5013268507147,35.0
-206.95598255444744,-574.5330038877148,35.0
-207.05926022288173,-575.5627072757246,35.0
-207.1614312562806,-576.5903679074828,35.0
-207.26248508821686,-577.6159166757283,35.0
-207.36241115226363,-578.6392844731996,35.0
-207.46119888199374,-579.6604021926357,35.0
-207.55883771098027,-580.6792007267753,35.0
-207.6553170727961,-581.6956109683574,35.0
-207.7506264010142,-582.7095638101205,35.0
-207.8447551292075,-583.7209901448034,35.0
-207.937692690949,-584.7298208651449,35.0
-208.02942851981183,-585.7359868638839,35.0
-208.11995204936864,-586.7394190337592,35.0
-208.2092527131926,-587.7400482675092,35.0
-208.2973199448566,-588.7378054578733,35.0
-208.3889300033324,-589.7878014295236,35.0
-208.47914157450688,-590.8344391015153,35.0
-208.56794223123276,-591.8776371969777,35.0
-208.65531954636276,-592.9173144390415,35.0
-208.74126109274948,-593.9533895508367,35.0
-208.82575444324573,-594.9857812554937,35.0
-208.90878717070424,-596.0144082761426,35.0
-208.9903468479776,-597.0391893359134,35.0
-209.07042104791856,-598.0600431579364,35.0
-209.14899734337985,-599.076888465342,35.0
-209.22606330721408,-600.0896439812602,35.0
-209.30160651227402,-601.0982284288211,35.0
-209.3756145314124,-602.1025605311551,35.0
-209.44807493748192,-603.1025590113921,35.0
-209.52266345159336,-604.150417891692,35.0
-209.59550889487502,-605.1932901198406,35.0
-209.666596772914,-606.2310808984978,35.0
-209.73591259129725,-607.2636954303227,35.0
-209.80344185561196,-608.2910389179749,35.0
-209.8691700714451,-609.3130165641143,35.0
-209.93308274438363,-610.3295335713998,35.0
-209.9951653800148,-611.3404951424911,35.0
-210.05540348392555,-612.3458064800479,35.0
-210.11378256170295,-613.3453727867296,35.0
-210.17306395688772,-614.388630593201,35.0
-210.23026301657552,-615.4253402492935,35.0
-210.28536296167138,-616.4553920152357,35.0
-210.33834701308064,-617.4786761512563,35.0
-210.38919839170842,-618.495082917584,35.0
-210.43790031846004,-619.5045025744478,35.0
-210.4844360142406,-620.5068253820757,35.0
-210.5308459954496,-621.5491464628122,35.0
-210.5748408186724,-622.5834320959998,35.0
-210.6164011918453,-623.6095561063785,35.0
-210.6555078229049,-624.6273923186882,35.0
-210.69214141978745,-625.6368145576682,35.0
-210.72628269042926,-626.6376966480587,35.0
-210.75929006481965,-627.6748051724733,35.0
-210.7895302584846,-628.7022974448823,35.0
-210.816981227234,-629.7200292903806,35.0
-210.84162092687745,-630.727856534063,35.0
-210.8643108046029,-631.7687864961968,35.0
-210.88389059163762,-632.7986110693364,35.0
-210.90033524163584,-633.8171664436775,35.0
-210.91361970825216,-634.8242888094157,35.0
-210.92407025285945,-635.8610405015121,35.0
-210.93103629261563,-636.8850236892462,35.0
-210.93448951812042,-637.8960532215629,35.0
-210.9343240482673,-638.9335836704882,35.0
-210.93029665484738,-639.9566949165749,35.0
-210.92237549363526,-640.9651786900657,35.0
-210.90999424706882,-641.996744851105,35.0
-210.8933439495201,-643.01207887547,35.0
-210.87152969339996,-644.0476234124992,35.0
-210.8450461793761,-645.0652002083892,35.0
-210.8126520231382,-646.0998997853951,35.0
-210.7751622825547,-647.114757255629,35.0
-210.73097057939327,-648.1434219743,35.0
-210.68122960665139,-649.1502233542268,35.0
-210.62394882272545,-650.1672762777299,35.0
-210.5584930768227,-651.1919178268147,35.0
-210.4865509538168,-652.1905552873873,35.0
-210.40550421750999,-653.1927535242853,35.0
-210.31465186722667,-654.1955151461175,35.0
-210.21326134163616,-655.1956844475932,35.0
-210.100567594734,-656.1899413661927,35.0
-209.97227222921848,-657.2008865331712,35.0
-209.83052288519127,-658.196598777741,35.0
-209.67038010020244,-659.1969129967181,35.0
-209.49004108101462,-660.1939827408214,35.0
-209.2944186605275,-661.1791559622478,35.0
-209.09230434455299,-662.1754263473904,35.0
-208.88662765936618,-663.1697878964726,35.0
-208.6772422828889,-664.1620476694948,35.0
-208.464001893043,-665.1520127264565,35.0
-208.24676016775024,-666.1394901273578,35.0
-208.0253707849325,-667.1242869321986,35.0
-207.7996874225116,-668.1062102009788,35.0
-207.56956375840943,-669.0850669936985,35.0
-207.33485347054776,-670.0606643703572,35.0
-207.0954102368485,-671.032809390955,35.0
-206.84690377749862,-672.0176918311954,35.0
-206.59319736063512,-672.9986014410912,35.0
-206.33413709725812,-673.9753353029142,35.0
-206.06956909836796,-674.9476904989368,35.0
-205.79933947496468,-675.9154641114317,35.0
-205.52329433804883,-676.8784532226701,35.0
-205.23652810576075,-677.8523781996133,35.0
-204.9434301203061,-678.8209348912277,35.0
-204.64383866928156,-679.783910063861,35.0
-204.33759204028442,-680.7410904838616,35.0
-204.02452852091145,-681.6922629175776,35.0
-203.6991807616761,-682.6526521112751,35.0
-203.36645392098637,-683.606390545282,35.0
-203.02617820227962,-684.5532543261903,35.0
-202.67818380899325,-685.4930195605913,35.0
-202.316495320496,-686.4404405175949,35.0
-201.94648369614032,-687.3800660194078,35.0
-201.56797079017272,-688.3116611633957,35.0
-201.18077845684,-689.2349910469229,35.0
-200.7783696647623,-690.1642720689782,35.0
-200.36663311083,-691.0845346728862,35.0
-199.94538203079327,-691.9955325916794,35.0
-199.5076180583969,-692.9110285140695,35.0
-199.05965160551708,-693.8164559530743,35.0
-198.6012870158269,-694.7115569166524,35.0
-198.13232863299996,-695.5960734127617,35.0
-197.6451147655658,-696.4831025479953,35.0
-197.14657208563315,-697.3586829598213,35.0
-196.63649576694328,-698.2225445647446,35.0
-196.10668336537444,-699.0872308453315,35.0
-195.5645598146275,-699.9392796365747,35.0
-195.0099108363816,-700.7784083915082,35.0
-194.44252215231626,-701.6043345631668,35.0
-193.8534184488131,-702.4287980156233,35.0
-193.25074717257226,-703.2390754045116,35.0
-192.63428430680668,-704.0348713417428,35.0
-192.00380583472958,-704.8158904392297,35.0
-191.3590877395539,-705.5818373088841,35.0
-190.69010311871608,-706.3433383538428,35.0
-190.0059922829374,-707.0887078582318,35.0
-189.30652118628532,-707.8176372095519,35.0
-188.5914557828273,-708.5298177953038,35.0
-187.86056202663082,-709.2249410029883,35.0
-187.11360587176338,-709.902698220106,35.0
-186.35035327229244,-710.5627808341577,35.0
-185.57057018228542,-711.2048802326441,35.0
-184.7740225558099,-711.8286878030658,35.0
-183.9604763469333,-712.4338949329234,35.0
-183.14186195327053,-713.0118324310647,35.0
-182.306286791421,-713.5711096048938,35.0
-181.45352684459786,-714.1114310663228,35.0
-180.58335809601402,-714.6325014272634,35.0
-179.70874125471337,-715.1267929753502,35.0
-178.81679211552898,-715.6018261574362,35.0
-177.92100099557118,-716.0506650600474,35.0
-177.00797834275056,-716.4802719239656,35.0
-176.0917482979209,-716.8843097955146,35.0
-175.15841060932473,-717.2691740491613,35.0
-174.2225269015257,-717.6291331191769,35.0
-173.26968144316157,-717.9700076087752,35.0
-172.3149764553119,-718.286677046837,35.0
-171.34347651133282,-718.5843801044152,35.0
-170.37082700301374,-718.8586124014532,35.0
-169.39765758920925,-719.1100552073245,35.0
-168.4082495492845,-719.3430665449721,35.0
-167.41906292009173,-719.5540704304058,35.0
-166.43074094723656,-719.7437708548341,35.0
-165.43914422571845,-719.9103415125538,35.0
-164.44100473506785,-720.0395330558705,35.0
-163.43612725635202,-720.1312884908917,35.0
-162.43651347407769,-720.1869369153293,35.0
-161.4336063273537,-720.2092328401164,35.0
-160.42884799245462,-720.1997773085308,35.0
-159.4236125281953,-720.1601243731334,35.0
-158.41920754383028,-720.0917820480173,35.0
-157.41687584939595,-719.9962132510292,35.0
-156.41779708849634,-719.8748367359685,35.0
-155.4230893535313,-719.7290280147637,35.0
-154.4338107833688,-719.5601202696234,35.0
-153.45096114345972,-719.3694052551656,35.0
-152.46425207601038,-719.1555761727054,35.0
-151.48574283871255,-718.9219013560321,35.0
-150.5162942372774,-718.6695770226619,35.0
-149.54541903922026,-718.3964672689,35.0
-148.58515998222998,-718.1065249572923,35.0
-147.62495338097025,-717.7971033945514,35.0
-146.6767982632829,-717.4725868278987,35.0
-145.7300901004446,-717.1298435052839,35.0
-144.78552262614346,-716.7692694971159,35.0
-143.85498130717409,-716.395861974733,35.0
-142.92787657715974,-716.005814568963,35.0
-142.00487768736974,-715.5995093725714,35.0
-141.08665388907338,-715.1773284783246,35.0
-140.18483673490258,-714.7450178692909,35.0
-139.28897887654506,-714.2979531939218,35.0
-138.39972566573812,-713.8365029001254,35.0
-137.5177224542193,-713.36103543581,35.0
-136.6436145937259,-712.8719192488838,35.0
-135.7780474359954,-712.3695227872545,35.0
-134.9112820279464,-711.8478520858948,35.0
-134.054597341936,-711.3133348076419,35.0
-133.2086626292335,-710.7663530452611,35.0
-132.37414714110824,-710.2072888915186,35.0
-131.55172012882954,-709.6365244391799,35.0
-130.73237630829036,-709.0473612958568,35.0
-129.92679321556477,-708.4470016463214,35.0
-129.1263362513445,-707.8285023919209,35.0
-128.3413987570226,-707.199354402655,35.0
-127.56375553021178,-706.5523865748819,35.0
-126.80347937918563,-705.8953631177498,35.0
-126.05279441851026,-705.2209023135312,35.0
-125.32141540508249,-704.5370256908552,35.0
-124.60205691240942,-703.836159006457,35.0
-123.89623058101223,-703.1184524326984,35.0
-123.20551132461122,-702.3840841655323,35.0
-122.53153889268371,-701.6332613166077,35.0
-121.87601945057942,-700.8662208153978,35.0
-121.24072717719179,-700.0832303213523,35.0
-120.62750588018723,-699.2845891460723,35.0
-120.03827062879013,-698.4706291855107,35.0
-119.47500940412537,-697.6417158621933,35.0
-118.93444817498131,-696.7895246767553,35.0
-118.42480965807468,-695.9231100778882,35.0
-117.94835661703831,-695.0429619656983,35.0
-117.49951641897344,-694.1449217952867,35.0
-117.07170014656636,-693.2266689616245,35.0
-116.66568593240694,-692.2906725007435,35.0
-116.28945281183901,-691.3586193633982,35.0
-115.93342885064321,-690.4101934008901,35.0
-115.59730027198677,-689.4456867725694,35.0
-115.28773238408205,-688.4878442714587,35.0
-114.996573277864,-687.5151954567418,35.0
-114.72967636980928,-686.5511337730741,35.0
-114.47978967036025,-685.5734606896895,35.0
-114.24664027500427,-684.5824303094946,35.0
-114.0349251969868,-683.6023550087459,35.0
-113.83864596130934,-682.6100294290096,35.0
-113.65754869619892,-681.6056899517027,35.0
-113.49525681573641,-680.6144945726014,35.0
-113.34693796943527,-679.6123086877179,35.0
-113.21235641211688,-678.5993518006962,35.0
-113.09414074036178,-677.6015579600327,35.0
-112.98854147105631,-676.5939370501237,35.0
-112.89534010157145,-675.5766925199805,35.0
-112.81624526970512,-674.5764685566962,35.0
-112.74851113602959,-673.5674895114225,35.0
-112.69193557852236,-672.5499435810959,35.0
-112.6463164751606,-671.524018962654,35.0
-112.6122331209583,-670.517220755871,35.0
-112.58815894773883,-669.5028311911526,35.0
-112.57390737424377,-668.4810239953438,35.0
-112.56929148022459,-667.4798788298613,35.0
-112.5736259193009,-666.4720360492984,35.0
-112.58673883323758,-665.4576556718116,35.0
-112.60845836379923,-664.436897715558,35.0
-112.63861265275055,-663.409922198694,35.0
-112.6758526486502,-662.4056648771685,35.0
-112.72074493953806,-661.395828919589,35.0
-112.77313159456206,-660.3805613762485,35.0
-112.83285468287,-659.3600092974398,35.0
-112.89975627360964,-658.3343197334559,35.0
-112.9714703860638,-657.3331556485423,35.0
-113.04966484864971,-656.3274170253051,35.0
-113.13419488435954,-655.3172386664197,35.0
-113.22491571618528,-654.3027553745624,35.0
-113.3216825671191,-653.2841019524078,35.0
-113.42435066015318,-652.2614132026322,35.0
-113.52950545398623,-651.2650721398304,35.0
-113.63995070235764,-650.2651798752967,35.0
-113.75555403066609,-649.2618596637559,35.0
-113.87618306431015,-648.2552347599352,35.0
-114.00170542868842,-647.2454284185601,35.0
-114.13198874919954,-646.2325638943571,35.0
-114.26690065124217,-645.2167644420515,35.0
-114.40630876021493,-644.1981533163698,35.0
-114.54566113789996,-643.2078405533641,35.0
-114.68899617888785,-642.2151122233338,35.0
-114.83619318164709,-641.2200807121446,35.0
-114.98713144464621,-640.2228584056626,35.0
-115.14169026635356,-639.2235576897536,35.0
-115.29974894523788,-638.2222909502833,35.0
-115.46118677976747,-637.2191705731179,35.0
-115.62588306841083,-636.2143089441232,35.0
-115.79371710963656,-635.207818449165,35.0
-115.96456820191312,-634.1998114741089,35.0
-116.13831564370886,-633.1904004048215,35.0
-116.3148387334925,-632.179697627168,35.0
-116.49401676973235,-631.1678155270145,35.0
-116.67572905089693,-630.1548664902273,35.0
-116.85985487545487,-629.1409629026714,35.0
-117.04627354187448,-628.1262171502135,35.0
-117.22893920582138,-627.1424851591565,35.0
-117.4135336368615,-626.1581704630947,35.0
-117.5999470992977,-625.1733752375449,35.0
-117.7880698574327,-624.1882016580233,35.0
-117.9777921755694,-623.2027519000474,35.0
-118.16900431801056,-622.2171281391331,35.0
-118.36159654905909,-621.2314325507975,35.0
-118.5554591330177,-620.2457673105571,35.0
-118.75048233418931,-619.2602345939285,35.0
-118.94655641687672,-618.2749365764288,35.0
-119.14357164538269,-617.2899754335742,35.0
-119.34141828401009,-616.3054533408817,35.0
-119.53998659706171,-615.3214724738677,35.0
-119.73916684884044,-614.3381350080492,35.0
-119.93884930364902,-613.3555431189427,35.0
-120.1389242257903,-612.3737989820647,35.0
-120.33928187956717,-611.3930047729323,35.0
-120.5398125292823,-610.4132626670616,35.0
-120.7468770261056,-609.4031278610638,35.0
-120.95388822877193,-608.3943353904319,35.0
-121.16072543574984,-607.3869976410317,35.0
-121.36726794550778,-606.3812269987291,35.0
-121.5733950565142,-605.3771358493897,35.0
-121.77898606723768,-604.3748365788798,35.0
-121.98392027614668,-603.3744415730649,35.0
-122.18807698170966,-602.3760632178113,35.0
-122.39133548239515,-601.3798138989846,35.0
-122.5935750766716,-600.3858060024506,35.0
-122.7946750630076,-599.3941519140757,35.0
-122.9945147398715,-598.4049640197251,35.0
-123.19297340573186,-597.4183547052651,35.0
-123.38993035905723,-596.4344363565614,35.0
-123.58526489831604,-595.45332135948,35.0
-123.78487664979643,-594.4446015812563,35.0
-123.98250226409118,-593.4391058762396,35.0
-124.17800936659894,-592.436957499156,35.0
-124.3712655827183,-591.4382797047316,35.0
-124.56213853784789,-590.4431957476922,35.0
-124.75049585738635,-589.4518288827643,35.0
-124.93620516673231,-588.4643023646731,35.0
-125.11913409128437,-587.4807394481452,35.0
-125.3045584231666,-586.471647395823,35.0
-125.48674601306308,-585.4670284435778,35.0
-125.66555208396584,-584.4670173940854,35.0
-125.84083185886713,-583.4717490500211,35.0
-126.01244056075892,-582.4813582140607,35.0
-126.18510924800033,-581.4670752264301,35.0
-126.35357639169823,-580.4582507775913,35.0
-126.51768406100048,-579.4550319178372,35.0
-126.67727432505488,-578.4575656974611,35.0
-126.83218925300928,-577.4659991667556,35.0
-126.98648637285716,-576.4524119788348,35.0
-127.13549823531064,-575.4453820131463,35.0
-127.27905298213429,-574.4450692878472,35.0
-127.41697875509294,-573.451633821094,35.0
-127.55268936991229,-572.4379376802293,35.0
-127.68208582697216,-571.4318489327271,35.0
-127.80498154501421,-570.4335413054321,35.0
-127.92423614901236,-569.4165342662433,35.0
-128.03623494911878,-568.4081060734753,35.0
-128.1407758233107,-567.4084449240662,35.0
-128.2401008589168,-566.3917904563589,35.0
-128.3311388787968,-565.3847722080841,35.0
-128.41367138032172,-564.3875936282524,35.0
-128.48925573173824,-563.3752808659057,35.0
-128.55542719558645,-562.373752359291,35.0
-128.61323743553058,-561.3586073774027,35.0
-128.66065670892192,-560.3552596016259,35.0
-128.6981929599805,-559.3399193415859,35.0
-128.72428587535092,-558.3374609348385,35.0
-128.73885980845384,-557.3247453809095,35.0
-128.7407546400866,-556.3030157247516,35.0
-128.72917040930628,-555.2962805337056,35.0
-128.70305382993016,-554.2824789941415,35.0
-128.66541778254512,-553.2808210471011,35.0
-128.6224053272875,-552.2796489497448,35.0
-128.57427987774759,-551.2737613589691,35.0
-128.52147426655432,-550.2668758231181,35.0
-128.46442201445726,-549.2624588596656,35.0
-128.4035562262757,-548.2637384961738,35.0
-128.33824664295076,-547.2578311267516,35.0
-128.26867522764434,-546.2465612551737,35.0
-128.1962554394226,-545.2481846653335,35.0
-128.1201097404866,-544.2484108842436,35.0
-128.04042558607154,-543.2487588164856,35.0
-127.95739198803922,-542.2506688812264,35.0
-127.86964620735284,-541.2379237190927,35.0
-127.77877186573832,-540.2289338194705,35.0
-127.68496302919964,-539.2249605840544,35.0
-127.58841457793379,-538.2271953624654,35.0
-127.48744648927477,-537.2183226880194,35.0
-127.38397144733813,-536.2174741474498,35.0
-127.27615125878359,-535.2068812080829,35.0
-127.16606196622355,-534.2059885224369,35.0
-127.05170681449935,-533.1966194706147,35.0
-126.93532507744038,-532.1984926809503,35.0
-126.8147612229339,-531.1930664258081,35.0
-126.69241746233864,-530.2002961096009,35.0
-126.56597944426004,-529.2013159135048,35.0
-126.43541179348105,-528.1965276662339,35.0
-126.3006791347846,-527.1863331965028,35.0
-126.1645108674705,-526.1910857441728,35.0
-126.02427198816116,-525.1914068769771,35.0
-125.8799291619994,-524.1876752470885,35.0
-125.73144905412813,-523.1802695066789,35.0
-125.5818924318312,-522.1898121782649,35.0
-125.4282989748828,-521.1965462760483,35.0
-125.27063730878211,-520.2008281844239,35.0
-125.10887605902836,-519.203014287787,35.0
-124.94298385112049,-518.2034609705333,35.0
-124.77292931055784,-517.2025246170576,35.0
-124.5986810628395,-516.2005616117553,35.0
-124.42020773346464,-515.1979283390219,35.0
-124.23747794793236,-514.1949811832524,35.0
-124.05046033174193,-513.1920765288421,35.0
-123.85912351039238,-512.1895707601864,35.0
-123.66343610938291,-511.18782026168077,35.0
-123.46336675421259,-510.1871814177199,35.0
-123.25888407038082,-509.1880106126994,35.0
-123.04995668338644,-508.1906642310147,35.0
-122.83655321872885,-507.19549865706085,35.0
-122.61864230190709,-506.20287027523324,35.0
-122.39619255842024,-505.2131354699271,35.0
-122.16917261376759,-504.22665062553773,35.0
-121.93755109344828,-503.24377212646027,35.0
-121.70129662296137,-502.2648563570901,35.0
-121.46037782780608,-501.29025970182266,35.0
-121.21476333348156,-500.3203385450529,35.0
-120.95926331404269,-499.33581254606247,35.0
-120.69880797550049,-498.3569045608574,35.0
-120.43336398299778,-497.38399324160963,35.0
-120.16289800167743,-496.4174572404916,35.0
-119.88181447733714,-495.43855106013933,35.0
-119.59543601902864,-494.46707353920334,35.0
-119.30372725153484,-493.50342650639817,35.0
-119.0066527996386,-492.5480117904383,35.0
-118.69819216785412,-491.5827559074696,35.0
-118.3840790964779,-490.6269020157495,35.0
-118.0580700200718,-489.66278236654944,35.0
-117.72611035655657,-488.7093232532332,35.0
-117.38816040358385,-487.7669756565963,35.0
-117.03763205430712,-486.8187426298489,35.0
-116.68080202737616,-485.8829895301537,35.0
-116.31084279976344,-484.9432297519144,35.0
-115.92734981819868,-484.0007144351956,35.0
-115.53694173345801,-483.0731880420512,35.0
-115.13241226280779,-482.14504104517573,35.0
-114.72062060826435,-481.23353520798554,35.0
-114.29409913635504,-480.3236988927822,35.0
-113.85240287522869,-479.4170599452857,35.0
-113.39507457889528,-478.51522483010245,35.0
-112.92164449121515,-477.61988131158284,35.0
-112.43163010588808,-476.73280118011655,35.0
-111.92453592244213,-475.85584302386667,35.0
-111.3998531982221,-474.99095504594214,35.0
-110.85705969637844,-474.14017792700736,35.0
-110.29561942985501,-473.30564773333197,35.0
-109.71498240137764,-472.48959887027695,35.0
-109.10567114673596,-471.6829252497563,35.0
-108.47568024327478,-470.9005514167286,35.0
-107.8151430800695,-470.1347311696212,35.0
-107.1323411137488,-469.39970439835434,35.0
-106.416996119558,-468.6892183856294,35.0
-105.6722433351062,-468.01097444675554,35.0
-104.91310393385577,-467.3592909061843,35.0
-104.13712822486528,-466.72290397114375,35.0
-103.34483194667752,-466.10195290451617,35.0
-102.53673083783508,-465.4965769691845,35.0
-101.72347201175829,-464.9140112156935,35.0
-100.89579182367365,-464.3469131453149,35.0
-100.05418737280857,-463.79541698782964,35.0
-99.19915575839069,-463.259656973018,35.0
-98.33119407964735,-462.7397673306604,35.0
-97.46174229674244,-462.24200497713923,35.0
-96.58064155505885,-461.75998380927376,35.0
-95.68837076910351,-461.2938331464948,35.0
-94.78540885338344,-460.84368230823304,35.0
-93.8722347224055,-460.40966061391924,35.0
-92.96092174807094,-459.9970185493973,35.0
-92.0405784634447,-459.6003555573726,35.0
-91.11166604729551,-459.2197961681632,35.0
-90.174645678392,-458.8554649120872,35.0
-89.22997853550291,-458.5074863194625,35.0
-88.27812579739697,-458.1759849206072,35.0
-87.31954864284285,-457.8610852458394,35.0
-86.3547082506093,-457.56291182547693,35.0
-85.38406579946505,-457.28158918983803,35.0
-84.40808246817869,-457.0172418692408,35.0
-83.42721943551902,-456.76999439400316,35.0
-82.44193788025478,-456.539971294443,35.0
-81.45269898115464,-456.3272971008785,35.0
-80.45996391698729,-456.1320963436277,35.0
-79.46419386652153,-455.9544935530086,35.0
-78.4658500085258,-455.7946132593393,35.0
-77.46539352176916,-455.6525799929377,35.0
-76.46328558502017,-455.528518284122,35.0
-75.45998737704744,-455.4225526632101,35.0
-74.45596007661982,-455.3348076605202,35.0
-73.451664862506,-455.26540780637015,35.0
-72.4475629134746,-455.214477631078,35.0
-71.44411540829441,-455.18214166496193,35.0
-70.44178352573411,-455.16852443833983,35.0
-69.44102844456242,-455.17375048152985,35.0
-68.42968439981513,-455.1983726804746,35.0
-67.42090917071349,-455.2425752356765,35.0
-66.41518167176436,-455.3064874665662,35.0
-65.41298081747482,-455.39023869257437,35.0
-64.41478552235168,-455.4939582331321,35.0
-63.42107470090184,-455.61777540766985,35.0
-62.42000136670549,-455.76374863488365,35.0
-61.424513380150756,-455.93059187958573,35.0
-60.435107840465214,-456.1184393715564,35.0
-59.452281846876296,-456.32742534057627,35.0
-58.476532498611505,-456.55768401642575,35.0
-57.508356894898355,-456.8093496288856,35.0
-56.536451508579894,-457.086064505359,35.0
-55.57333321480058,-457.38499497497116,35.0
-54.619517752103064,-457.7062803006049,35.0
-53.675520859030065,-458.05005974514285,35.0
-52.74185827412421,-458.41647257146735,35.0
-51.819045735928285,-458.8056580424614,35.0
-50.907598982984894,-459.2177554210074,35.0
-49.99713891300061,-459.6583535061308,35.0
-49.09938676517178,-460.1227128338038,35.0
-48.214877377563106,-460.61097782427896,35.0
-47.34551999456403,-461.1224598719528,35.0
-46.485637707563285,-461.6642828811451,35.0
-45.65474762903357,-462.22743991783915,35.0
-44.834929891386004,-462.8248373593592,35.0
-44.044536179868935,-463.4438687440927,35.0
-43.2668923900625,-464.0983553931875,35.0
-42.51903652707799,-464.7747239468749,35.0
-41.800498939479844,-465.4726191918764,35.0
-41.096445734692004,-466.20721262726295,35.0
-40.42198154292496,-466.9635096665384,35.0
-39.776606092644435,-467.7411319374058,35.0
-39.15981911231557,-468.53970106756935,35.0
-38.571120330403744,-469.35883868473235,35.0
-38.01000947537443,-470.1981664165986,35.0
-37.47598627569292,-471.0573058908713,35.0
-36.968550459824655,-471.9358787352544,35.0
-36.48720175623504,-472.8335065774513,35.0
-36.040677321603205,-473.7305334197032,35.0
-35.618215063315404,-474.6451115876381,35.0
-35.21934532993615,-475.5768858679771,35.0
-34.843598470029995,-476.52550104744165,35.0
-34.49778482382539,-477.46989864304567,35.0
-34.17323038074537,-478.429754849835,35.0
-33.86949483380465,-479.40473664873224,35.0
-33.59208420617793,-480.3728392281205,35.0
-33.33376356176103,-481.35478644684366,35.0
-33.099246120054914,-482.3279999652,35.0
-32.882200214434505,-483.3138601327152,35.0
-32.682240508434006,-484.31207550637674,35.0
-32.50296399044345,-485.2992619143248,35.0
-32.33927817582929,-486.29769794372527,35.0
-32.19082340847805,-487.30711157448485,35.0
-32.060180412265076,-488.3033875310616,35.0
-31.94339001468285,-489.30962344494344,35.0
-31.840117072886787,-490.32556583625285,35.0
-31.75202082881407,-491.3264391333889,35.0
-31.676174871944795,-492.3360848423362,35.0
-31.61226743276185,-493.3542671612548,35.0
-31.561125991956693,-494.3556172016375,35.0
-31.52076154844991,-495.36464910525086,35.0
-31.490884593251568,-496.38114390664566,35.0
-31.471205617371737,-497.4048826403725,35.0
-31.461560937834353,-498.4097933885387,35.0
-31.461067163781482,-499.42117929566825,35.0
-31.46945596109177,-500.4388374115818,35.0
-31.48645899564366,-501.4625647860999,35.0
-31.511055911353026,-502.46568701884536,35.0
-31.54332800449623,-503.4741908450603,35.0
-31.583027057303184,-504.48788852924247,35.0
-31.629904852003328,-505.5065923358901,35.0
-31.683713170826763,-506.53011452950057,35.0
-31.74252841833487,-507.53115297690863,35.0
-31.80744976670269,-508.536408263213,35.0
-31.878248083135475,-509.54570708752436,35.0
-31.9546942348382,-510.55887614895386,35.0
-32.03655908901618,-511.5757421466123,35.0
-32.1236135128747,-512.5961317796103,35.0
-32.21307824558761,-513.5921605466882,35.0
-32.30702785481071,-514.5912013705306,35.0
-32.40525128849021,-515.5930946253249,35.0
-32.50753749457243,-516.5976806852586,35.0
-32.61367542100376,-517.6047999245194,35.0
-32.723454015730425,-518.6142927172943,35.0
-32.83666222669888,-519.6259994377713,35.0
-32.95308900185543,-520.6397604601374,35.0
-33.07252328914634,-521.65541615858,35.0
-33.194754036517985,-522.6728069072869,35.0
-33.31957019191671,-523.6917730804456,35.0
-33.446760703288824,-524.7121550522434,35.0
-33.572494019280185,-525.7053988143094,35.0
-33.700078176450766,-526.6996832413479,35.0
-33.82931922639523,-527.6948616436139,35.0
-33.960023220708194,-528.6907873313633,35.0
-34.091996210984284,-529.6873136148515,35.0
-34.225044248818136,-530.6842938043344,35.0
-34.35897338580426,-531.6815812100676,35.0
-34.493589673537514,-532.6790291423067,35.0
-34.62869916361228,-533.6764909113074,35.0
-34.764107907623384,-534.6738198273251,35.0
-34.89962195716532,-535.6708692006157,35.0
-35.03504736383277,-536.6674923414348,35.0
-35.170190179220384,-537.663542560038,35.0
-35.304856454922685,-538.6588731666808,35.0
-35.43885224253444,-539.653337471619,35.0
-35.57198359365015,-540.6467887851081,35.0
-35.70405655986454,-541.6390804174041,35.0
-35.838594596464475,-542.658358890229,35.0
-35.971596663487894,-543.6760956501105,35.0
-36.102851708881076,-544.6921310712362,35.0
-36.23214868059034,-545.7063055277933,35.0
-36.3592765265621,-546.7184593939694,35.0
-36.48402419474258,-547.7284330439518,35.0
-36.60618063307814,-548.7360668519282,35.0
-36.725534789515216,-549.7412011920858,35.0
-36.841875611999995,-550.7436764386122,35.0
-36.954992048478864,-551.7433329656949,35.0
-37.06467304689818,-552.7400111475212,35.0
-37.17359886932781,-553.7611033637268,35.0
-37.278443672415506,-554.7787075549743,35.0
-37.37897832336654,-555.7926504203748,35.0
-37.474973689386026,-556.802758659039,35.0
-37.566200637679174,-557.8088589700777,35.0
-37.652430035451225,-558.810778052602,35.0
-37.73343274990728,-559.8083426057226,35.0
-37.81094358774348,-560.8281536931672,35.0
-37.88245149746325,-561.8430011598339,35.0
-37.94770826129633,-562.8526972702202,35.0
-38.006465661472475,-563.8570542888244,35.0
-38.058475480221375,-564.8558844801444,35.0
-38.10457734282636,-565.8750558477608,35.0
-38.143042027418396,-566.8880049784954,35.0
-38.173601199875975,-567.8945289221685,35.0
-38.1959865260776,-568.8944247286008,35.0
-38.21017379775472,-569.9128610199984,35.0
-38.215190897322934,-570.9238924551693,35.0
-38.210748315792415,-571.9273000686641,35.0
-38.19607433458424,-572.9476516362737,35.0
-38.17084584102193,-573.9595275738201,35.0
-38.1347510655884,-574.9626920794635,35.0
-38.086182972269775,-575.9810447914331,35.0
-38.02554976427498,-576.9897550167894,35.0
-37.95251629875952,-577.9885692756545,35.0
-37.86454733969524,-579.0006479388095,35.0
-37.76286965690115,-580.0018160748771,35.0
-37.644261549189174,-581.0146893480605,35.0
-37.51053777327732,-582.0155624646875,35.0
-37.35982548038561,-583.0196218176592,35.0
-37.19343008955863,-584.0390255606053,35.0
-37.014248797589524,-585.0571830034363,35.0
-36.82237249927553,-586.0740355126155,35.0
-36.6251519654225,-587.0545309331238,35.0
-36.41626339444011,-588.0337024294436,35.0
-36.195788598727226,-589.0114972268236,35.0
-35.963809390682485,-589.9878625505124,35.0
-35.720407582704674,-590.9627456257592,35.0
-35.46566498719252,-591.9360936778119,35.0
-35.199663416544894,-592.9078539319194,35.0
-34.92248468316046,-593.8779736133306,35.0
-34.63421059943801,-594.8463999472938,35.0
-34.3349229777763,-595.8130801590572,35.0
-34.02470363057409,-596.7779614738706,35.0
-33.703634370230134,-597.7409911169817,35.0
-33.37179700914325,-598.7021163136394,35.0
-33.02927335971208,-599.6612842890925,35.0
-32.67614523433542,-600.6184422685892,35.0
-32.312494445412085,-601.5735374773784,35.0
-31.938402805340786,-602.5265171407092,35.0
-31.5539521265203,-603.4773284838293,35.0
-31.159224221349373,-604.4259187319877,35.0
-30.75430090222679,-605.3722351104336,35.0
-30.33926398155125,-606.3162248444147,35.0
-29.91419527172164,-607.2578351591802,35.0
-29.47917658513649,-608.197013279979,35.0
-29.034289734194857,-609.1337064320591,35.0
-28.596022452557264,-610.0345434409078,35.0
-28.14872871762529,-610.9329734169057,35.0
-27.692481885514297,-611.8289490401993,35.0
-27.227355312339512,-612.7224229909345,35.0
-26.75342235421652,-613.6133479492577,35.0
-26.270756367260557,-614.5016765953147,35.0
-25.779430707587014,-615.3873616092524,35.0
-25.27951873131136,-616.2703556712162,35.0
-24.771093794548907,-617.1506114613526,35.0
-24.254229253414987,-618.0280816598078,35.0
-23.728998464025093,-618.9027189467279,35.0
-23.19547478249441,-619.7744760022592,35.0
-22.653731564938568,-620.6433055065478,35.0
-22.10384216747281,-621.5091601397397,35.0
-21.545879946212413,-622.3719925819813,35.0
-20.979918257272914,-623.2317555134189,35.0
-20.406030456769685,-624.0884016141982,35.0
-19.824289900817973,-624.9418835644659,35.0
-19.23476994553329,-625.7921540443679,35.0
-18.63754394703102,-626.6391657340503,35.0
-18.032685261426394,-627.4828713136594,35.0
-17.443083340542785,-628.2921596623241,35.0
-16.84653717324906,-629.0982961288174,35.0
-16.243112263131366,-629.9012384587191,35.0
-15.6328741137757,-630.7009443976093,35.0
-15.015888228768034,-631.4973716910678,35.0
-14.3922201116944,-632.2904780846742,35.0
-13.761935266141027,-633.0802213240087,35.0
-13.125099195693794,-633.8665591546509,35.0
-12.481777403938734,-634.649449322181,35.0
-11.832035394461856,-635.4288495721789,35.0
-11.175938670849234,-636.2047176502247,35.0
-10.513552736686904,-636.9770113018976,35.0
-9.844943095560806,-637.7456882727781,35.0
-9.170175251057174,-638.5107063084457,35.0
-8.489314706761888,-639.2720231544807,35.0
-7.802426966261038,-640.029596556463,35.0
-7.109577533140622,-640.7833842599722,35.0
-6.410831910986644,-641.5333440105883,35.0
-5.706255603385158,-642.2794335538912,35.0
-4.9959141139222245,-643.0216106354608,35.0
-4.2798729461839855,-643.7598330008768,35.0
-3.5581976037562413,-644.4940583957195,35.0
-2.8309535902251355,-645.2242445655688,35.0
-2.0982064091766968,-645.9503492560041,35.0
-1.3600215641970124,-646.6723302126059,35.0
-0.6164645588719964,-647.3901451809536,35.0
0.13239910321220805,-648.1037519066274,35.0
0.8865039184696286,-648.8131081352069,35.0
1.6457843833141508,-649.5181716122722,35.0
2.410174994159888,-650.2189000834035,35.0
3.179610247420697,-650.9152512941805,35.0
3.954024639510692,-651.6071829901828,35.0
4.7333526668435875,-652.2946529169902,35.0
5.517528825833495,-652.9776188201835,35.0
6.276055399952668,-653.6300299594984,35.0
7.0389455501199345,-654.2782002451845,35.0
7.806141043885872,-654.9220921132162,35.0
8.577583648800953,-655.561667999568,35.0
9.353215132415812,-656.1968903402143,35.0
10.13297726228086,-656.8277215711291,35.0
10.916811805946736,-657.4541241282873,35.0
11.704660530963965,-658.0760604476629,35.0
12.496465204882954,-658.6934929652305,35.0
13.292167595254455,-659.3063841169643,35.0
14.09170946962888,-659.9146963388391,35.0
14.895032595556811,-660.518392066829,35.0
15.702078740588718,-661.1174337369083,35.0
16.512789672275233,-661.7117837850519,35.0
17.32710715816682,-662.3014046472335,35.0
18.14497296581402,-662.8862587594277,35.0
18.966328862767455,-663.4663085576094,35.0
19.79111661657754,-664.0415164777522,35.0
20.619277994794857,-664.6118449558312,35.0
21.450754764969986,-665.1772564278202,35.0
22.28548869465345,-665.7377133296942,35.0
23.123421551395715,-666.2931780974272,35.0
23.964495102747435,-666.8436131669935,35.0
24.808651116259057,-667.3889809743678,35.0
25.655831359481173,-667.9292439555243,35.0
26.505977599964236,-668.4643645464372,35.0
27.35903160525891,-668.9943051830816,35.0
28.214935142915635,-669.5190283014309,35.0
29.07362998048495,-670.0384963374604,35.0
29.93505788551744,-670.552671727144,35.0
30.799160625563673,-671.0615169064562,35.0
31.66587996817407,-671.5649943113714,35.0
32.53515768089926,-672.063066377864,35.0
33.40693553128972,-672.5556955419082,35.0
34.28115528689607,-673.0428442394789,35.0
35.15775871526876,-673.5244749065499,35.0
36.071892284224866,-674.0194768943262,35.0
36.9884755458416,-674.5084276966439,35.0
37.90744299653312,-674.9912850590832,35.0
38.828729132713306,-675.4680067272241,35.0
39.752268450796116,-675.9385504466461,35.0
40.6779954471956,-676.4028739629293,35.0
41.6058446183256,-676.8609350216539,35.0
42.53575046060017,-677.3126913683993,35.0
43.46764747043324,-677.7581007487456,35.0
44.40147014423882,-678.1971209082728,35.0
45.33715297843088,-678.6297095925605,35.0
46.274630469423364,-679.055824547189,35.0
47.21383711363024,-679.4754235177379,35.0
48.154707407465416,-679.8884642497873,35.0
49.0971758473429,-680.2949044889168,35.0
50.0411769296768,-680.6947019807068,35.0
50.98664515088086,-681.0878144707368,35.0
51.93351500736912,-681.4741997045867,35.0
52.88172099555567,-681.8538154278366,35.0
53.83119761185435,-682.2266193860663,35.0
54.78187935267914,-682.5925693248557,35.0
55.733700714444076,-682.9516229897848,35.0
56.68659619356299,-683.3037381264331,35.0
57.64050028644999,-683.648872480381,35.0
58.59534748951898,-683.9869837972083,35.0
59.551072299184,-684.3180298224946,35.0
60.50760921185889,-684.64196830182,35.0
61.464892723957746,-684.9587569807645,35.0
62.42285733189443,-685.268353604908,35.0
63.38143753208294,-685.5707159198301,35.0
64.34056782093728,-685.8658016711112,35.0
65.30018269487135,-686.1535686043304,35.0
66.26021665029917,-686.4339744650683,35.0
67.25754833792331,-686.717328675478,35.0
68.25518796868454,-686.9926518007804,35.0
69.25306218646762,-687.2598965211218,35.0
70.25109763515707,-687.5190155166484,35.0
71.24922095863758,-687.7699614675064,35.0
72.24735880079369,-688.0126870538417,35.0
73.24543780551016,-688.2471449558009,35.0
74.24338461667149,-688.4732878535298,35.0
75.24112587816235,-688.691068427175,35.0
76.2385882338674,-688.9004393568822,35.0
77.23569832767113,-689.1013533227976,35.0
78.23238280345828,-689.2937630050677,35.0
79.22856830511354,-689.4776210838388,35.0
80.22418147652138,-689.6528802392564,35.0
81.21914896156649,-689.8194931514673,35.0
82.21339740413346,-689.9774125006173,35.0
83.20685344810694,-690.126590966853,35.0
84.19944373737155,-690.2669812303201,35.0
85.19109491581192,-690.3985359711652,35.0
86.21840354958618,-690.5255800665581,35.0
87.24454151762757,-690.6430183714231,35.0
88.26942700753716,-690.7507981110083,35.0
89.29297820691617,-690.8488665105631,35.0
90.31511330336592,-690.9371707953354,35.0
91.33575048448763,-691.0156581905742,35.0
92.35480793788257,-691.0842759215283,35.0
93.37220385115187,-691.142971213446,35.0
94.38785641189695,-691.1916912915759,35.0
95.40168380771887,-691.2303833811668,35.0
96.41360422621905,-691.2589947074675,35.0
97.42353585499859,-691.2774724957263,35.0
98.43139688165877,-691.2857639711922,35.0
99.43710549380079,-691.2838163591133,35.0
100.44057987902607,-691.2715768847386,35.0
101.44173822493565,-691.2489927733168,35.0
102.47612336200324,-691.2146403771533,35.0
103.48021301492378,-691.1704682052472,35.0
104.52856914893226,-691.1142720815869,35.0
105.57337468409192,-691.0488002113663,35.0
106.61465977213595,-690.9741321553553,35.0
107.65245456479812,-690.8903474743244,35.0
108.6867892138116,-690.7975257290442,35.0
109.71769387091041,-690.6957464802852,35.0
110.74519868782758,-690.5850892888184,35.0
111.76933381629664,-690.4656337154137,35.0
112.79012940805126,-690.3374593208417,35.0
113.80761561482497,-690.2006456658731,35.0
114.82182258835093,-690.0552723112785,35.0
115.83278048036307,-689.9014188178282,35.0
116.84051944259464,-689.739164746293,35.0
117.84506962677892,-689.5685896574429,35.0
118.84646118464985,-689.3897731120493,35.0
119.84472426794063,-689.2027946708818,35.0
120.8398890283848,-689.0077338947114,35.0
121.83198561771593,-688.8046703443084,35.0
122.8210441876676,-688.5936835804438,35.0
123.80709488997292,-688.3748531638872,35.0
124.7901678763658,-688.1482586554104,35.0
125.7702932985796,-687.913979615783,35.0
126.7475013083476,-687.6720956057753,35.0
127.7218220574036,-687.4226861861588,35.0
128.69328569748095,-687.1658309177033,35.0
129.66192238031294,-686.9016093611792,35.0
130.6277622576335,-686.6301010773578,35.0
131.59083548117587,-686.3513856270089,35.0
132.55117220267346,-686.0655425709031,35.0
133.50880257385995,-685.7726514698112,35.0
134.46375674646885,-685.4727918845039,35.0
135.4160648722333,-685.1660433757511,35.0
136.36575710288724,-684.8524855043237,35.0
137.3578999154087,-684.5167795279907,35.0
138.34723952740882,-684.1737790323326,35.0
139.33381060638135,-683.8235754937652,35.0
140.31764781981965,-683.4662603887036,35.0
141.29878583521747,-683.1019251935638,35.0
142.27725932006854,-682.7306613847613,35.0
143.25310294186613,-682.3525604387116,35.0
144.2263513681041,-681.9677138318302,35.0
145.19703926627597,-681.5762130405327,35.0
146.16520130387522,-681.1781495412345,35.0
147.13087214839558,-680.7736148103514,35.0
148.0940864673307,-680.3627003242991,35.0
149.05487892817405,-679.9454975594928,35.0
149.96977162073068,-679.5414765690422,35.0
150.88251935953787,-679.1318888793803,35.0
151.79315229632905,-678.7168140512778,35.0
152.7017005828376,-678.2963316455046,35.0
153.6081943707972,-677.8705212228318,35.0
154.51266381194142,-677.4394623440302,35.0
155.41513905800332,-677.0032345698697,35.0
156.31565026071692,-676.5619174611212,35.0
157.21422757181543,-676.115590578555,35.0
158.11090114303215,-675.6643334829417,35.0
159.00570112610097,-675.2082257350519,35.0
159.89865767275518,-674.7473468956557,35.0
160.7898009347282,-674.2817765255243,35.0
161.67916106375372,-673.8115941854278,35.0
162.56676821156518,-673.3368794361368,35.0
163.45265252989608,-672.8577118384219,35.0
164.33684417047968,-672.3741709530533,35.0
165.2193732850498,-671.8863363408019,35.0
166.10027002533957,-671.394287562438,35.0
166.97956454308297,-670.8981041787324,35.0
167.85728699001308,-670.3978657504554,35.0
168.7334675178637,-669.8936518383775,35.0
169.6081362783679,-669.3855420032693,35.0
170.48132342325945,-668.8736158059013,35.0
171.35305910427192,-668.3579528070437,35.0
172.22337347313874,-667.8386325674677,35.0
173.09229668159318,-667.3157346479434,35.0
173.95985888136914,-666.7893386092414,35.0
174.82609022419967,-666.259524012132,35.0
175.69102086181863,-665.7263704173861,35.0
176.55468094595923,-665.189957385774,35.0
177.41710062835514,-664.6503644780663,35.0
178.27831006073987,-664.1076712550333,35.0
179.1383393948468,-663.561957277446,35.0
179.99721878240945,-663.0133021060743,35.0
180.85497837516132,-662.4617853016894,35.0
181.71164832483586,-661.9074864250613,35.0
182.5672587831666,-661.3504850369608,35.0
183.4218399018873,-660.7908606981582,35.0
184.275421832731,-660.2286929694242,35.0
185.12803472743138,-659.664061411529,35.0
185.9797087377219,-659.0970455852436,35.0
186.83047401533608,-658.5277250513383,35.0
187.68036071200748,-657.9561793705833,35.0
188.52939897946956,-657.3824881037498,35.0
189.37761896945582,-656.8067308116081,35.0
190.2250508336997,-656.2289870549283,35.0
191.07172472393458,-655.649336394481,35.0
191.91767079189412,-655.0678583910371,35.0
192.76291918931182,-654.4846326053671,35.0
193.6075000679213,-653.8997385982414,35.0
194.45144357945568,-653.3132559304304,35.0
195.29477987564871,-652.7252641627048,35.0
196.1375391082338,-652.1358428558348,35.0
196.97975142894435,-651.5450715705912,35.0
197.82144698951407,-650.9530298677444,35.0
198.6626559416765,-650.3597973080651,35.0
199.5034084371648,-649.7654534523238,35.0
200.34373462771268,-649.1700778612908,35.0
201.18366466505356,-648.5737500957367,35.0
202.02322870092098,-647.9765497164323,35.0
202.8624568870483,-647.3785562841476,35.0
203.70137937516944,-646.7798493596538,35.0
204.54002631701732,-646.1805085037208,35.0
205.37842786432591,-645.5806132771195,35.0
206.21661416882833,-644.9802432406201,35.0
207.0546153822582,-644.3794779549934,35.0
207.89246165634896,-643.7783969810098,35.0
208.73018314283445,-643.1770798794398,35.0
209.5678099934477,-642.575606211054,35.0
210.40537235992255,-641.9740555366228,35.0
211.24290039399216,-641.3725074169171,35.0
212.08042424739028,-640.7710414127067,35.0
212.91797407185032,-640.169737084763,35.0
213.75558001910576,-639.5686739938559,35.0
214.59327224089012,-638.967931700756,35.0
215.43108088893692,-638.367589766234,35.0
216.26903611497954,-637.7677277510603,35.0
217.10716807075158,-637.1684252160055,35.0
217.94550690798644,-636.5697617218401,35.0
218.7840827784177,-635.9718168293344,35.0
219.6229258337788,-635.3746700992592,35.0
220.4620662258033,-634.7784010923851,35.0
221.30153410622464,-634.1830893694823,35.0
222.1413596267763,-633.5888144913217,35.0
222.9815729391917,-632.9956560186735,35.0
223.82220419520453,-632.4036935123082,35.0
224.6632835465481,-631.8130065329966,35.0
225.50484114495598,-631.223674641509,35.0
226.34690714216163,-630.635777398616,35.0
227.1895116898986,-630.0493943650881,35.0
228.03268493990032,-629.4646051016958,35.0
228.87645704390042,-628.8814891692098,35.0
229.7208581536322,-628.3001261284003,35.0
230.5659184208292,-627.7205955400382,35.0
231.41166799722495,-627.1429769648935,35.0
232.258137034553,-626.5673499637372,35.0
233.10535568454662,-625.9937940973398,35.0
233.9533540989396,-625.4223889264715,35.0
234.80216242946526,-624.853214011903,35.0
235.6518108278571,-624.2863489144049,35.0
236.50232944584874,-623.7218731947478,35.0
237.35374843517337,-623.1598664137018,35.0
238.20609794756484,-622.6004081320377,35.0
239.0594081347565,-622.0435779105261,35.0
239.91370914848176,-621.4894553099374,35.0
240.76903114047417,-620.9381198910422,35.0
241.62540426246727,-620.3896512146109,35.0
242.4828586661945,-619.8441288414143,35.0
243.34142450338925,-619.3016323322223,35.0
244.2011319257853,-618.7622412478061,35.0
245.06201108511584,-618.226035148936,35.0
245.92409213311456,-617.6930935963824,35.0
246.7874052215149,-617.1634961509159,35.0
247.65198050205024,-616.6373223733069,35.0
248.51784812645408,-616.1146518243263,35.0
249.38503824646025,-615.5955640647443,35.0
250.25358101380172,-615.0801386553313,35.0
251.1235065802124,-614.5684551568581,35.0
251.9948450974256,-614.0605931300952,35.0
252.8676267171749,-613.556632135813,35.0
253.74188159119373,-613.056651734782,35.0
254.61763987121552,-612.5607314877727,35.0
255.4949317089739,-612.0689509555559,35.0
256.37378725620215,-611.581389698902,35.0
257.254236664634,-611.0981272785813,35.0
258.13631008600294,-610.6192432553644,35.0
259.02003767204206,-610.144817190022,35.0
259.9054495744855,-609.6749286433245,35.0
260.7925759450664,-609.2096571760426,35.0
261.6814469355181,-608.7490823489462,35.0
262.57209269757425,-608.2932837228068,35.0
263.5070865687445,-607.8209898619397,35.0
264.44409602100393,-607.3541167035104,35.0
265.3831557218458,-606.8927557239348,35.0
266.3243003387638,-606.436998399628,35.0
267.26756453925185,-605.9869362070059,35.0
268.21298299080297,-605.5426606224839,35.0
269.16059036091116,-605.1042631224781,35.0
270.11042131707006,-604.6718351834031,35.0
271.06251052677305,-604.2454682816751,35.0
272.01689265751384,-603.8252538937096,35.0
272.97360237678595,-603.411283495922,35.0
273.93267435208304,-603.0036485647281,35.0
274.8941432508989,-602.6024405765431,35.0
275.8580437407266,-602.2077510077829,35.0
276.8244104890604,-601.819671334863,35.0
277.79327816339344,-601.4382930341988,35.0
278.76468143121946,-601.0637075822058,35.0
279.738654960032,-600.6960064552999,35.0
280.71523341732484,-600.3352811298964,35.0
281.6944514705914,-599.9816230824109,35.0
282.6763437873253,-599.6351237892591,35.0
283.6609450350202,-599.2958747268565,35.0
284.6482898811696,-598.9639673716183,35.0
285.63841299326725,-598.6394931999608,35.0
286.6313490388066,-598.3225436882989,35.0
287.62713268528137,-598.0132103130484,35.0
288.6257986001852,-597.7115845506248,35.0
289.6273814510115,-597.4177578774438,35.0
290.6319159052539,-597.1318217699211,35.0
291.6394366304062,-596.8538677044718,35.0
292.64997829396185,-596.5839871575117,35.0
293.66357556341427,-596.3222716054562,35.0
294.63398250507913,-596.0801529814269,35.0
295.60723532278575,-595.8456368600115,35.0
296.5833641682676,-595.6188028019806,35.0
297.5623991932584,-595.3997303681048,35.0
298.54437054949136,-595.1884991191547,35.0
299.5293083887003,-594.9851886159006,35.0
300.51724286261845,-594.7898784191133,35.0
301.5082041229793,-594.6026480895629,35.0
302.50222232151657,-594.4235771880202,35.0
303.4993276099636,-594.252745275256,35.0
304.4995501400539,-594.0902319120403,35.0
305.50292006352083,-593.9361166591439,35.0
306.50946753209814,-593.7904790773373,35.0
307.5192226975191,-593.6533987273909,35.0
308.5322157115173,-593.5249551700756,35.0
309.5484767258264,-593.4052279661613,35.0
310.56803589217947,-593.2942966764191,35.0
311.5909233623104,-593.1922408616192,35.0
312.6171692879525,-593.0991400825321,35.0
313.6468038208392,-593.0150738999288,35.0
314.6798571127042,-592.9401218745791,35.0
315.7163593152808,-592.8743635672537,35.0
316.7563405803025,-592.8178785387236,35.0
317.79983105950305,-592.7707463497587,35.0
318.84686090461565,-592.7330465611301,35.0
